max = 16384
11111111111111111111111111111111111111111111111111111111111111111111111111111111111111111111111111111111111111111111111111111111
11111111111111111111111111111111111111111111111111111111111111111111111111111111111111111111111111111111111111111111111111111111
11111111111111111111111111111111111111111111111111111111111111111111111111111111111111111111111111111111111111111111111111111111
11111111111111111111111111111111111111110111111111111111111111111111111000111111111111111111111111111111111111111111001111111111
11111111111111111111111111111111111111100011111111111111111111111111110000111111111111111111111111111111111111001111000111111111
11111111111111111111111111111111111111100000001111111111111111111111100001111100011000111111111111100000000011001111000011111111
11111111111111111111111111111111000001110000000111111111111111111111000000001100001000111111111111000000000011000111100011111111
11111111111111111111111111111000000001111001001111111111111111111110000100001110001111111111111100000000110001100011110011111111
11111111111111111111111111111000001111111111111111111111111111111100001111001111011111111111110000011111110001110001111111111111
11111111111111111111111111111111111111100111111111111111111111111000011111001111111111111111100000111111110011111001111111111111
11111111111111111111111111111111111110000111111101001111111111111000111110001111111111111111000011111111110011111111111111111111
11111111111111111111111111111111000000000111111000001111111111111111111110001111111111111110000110001111100011111111111111111111
11111111111111111111111111111110000000011111111000001111111111111111111100011111111111111110001110000011100011111111111111111111
11111111111111111111111111110000000011111111110000011111111111111111111000011111111111111110011111000000000111111111111111111111
11111111111111111111111111110000000111111111110000111111111111111111100000111111111111111111111111110000000011111111111111111111
11111111111111111111111111111111000111111111100000111111111111111111000011111111111111111111111111111100000001111111111111111111
01111111111111111111111111111111000111111110000100111111111111111100000111111111111111111111111111111110000011111111111111111111
00001111111111111111111111111111000111111100001100011111111111111000011111111111111111111111111111111100011111111111111111111111
00001111111111111111111111111110001111111100111100011111111111110000111111111111111111111111111111111000111111111111111111111111
11001111111111111111111111100000001111111111111110001111111111100001111111111111111111111111111111100001111111111111111111111111
11001111111111111111111111100000011111111111111110011111111111100111111111111111111111111111111111000011111111111111111111111111
11000111111111111111111111110001111111111111111111111111111111100111111111111111111111111111111100000111111111111111111111111111
11000111111111111111111111111111111111111111111111111111111111111111111111111111111111111100110000011111111111111111111111111111
11000111111111111111111111111111111111111111111111111111111111111111111111111111111111111100000001111111111111111111111111111111
11000111111111111111111111111111111111111111111111111111111111111111111111111111111111111100000011111111111111111111111111111111
11000111111111111111111111111111111111111111111111111111111111111111111111111111111111111100001111111111111111111111111111111111
11100011111111111111111111111111111111111111111111111111111111111111111111111111111111111110111111111111111111111111111111111111
11100011111111111111111111111111111111111111111111111111111111111111111111111111111111111111111111111111111111111111111111111111
11110001111111111111111111111111111111111111111111111111111111111111111111111111111111111111111111111111111111111111111111111111
11111001111111111111111111111111111111111111111111111111111111111111111111111111111111111111111111111111111111111111111111111111
11111000111111111111111111111111111111111111111111111111111000000000001111111111111111111111111111111111111111111111111111111111
11111000001111111111111111111111111111111111111111111111000000000000000001111111111111111111111111111111111111111111111111111111
11111100001111111111111111111111111111111111111111110000000000011100000000011111111111111111111111111111111111111111111111111111
11011111001111111111111111111111111111111111111111000000001111111111111000000111111111111111111111111111111111111111111111111111
10001111000111111111111111111111111111111111111110000001111111111111111111000011111111111111111111111111111111111111111111111111
11001111100011111111111111111111111111111111111100001111111111111111111111100000111111111111111111111111111111111111111111111111
11000111100011111111111111111111111111111111111000111111111111111111111111111000111111111111111111111111111111111111111111111111
11000111110001111111111111111111111111111111111000111111100111111111111111111100011111111111111111111111111111111111111111111110
11100011111001111111111111111111111111111111110001111111100111111001111111111110001111111111111111111111111111111111111111111111
11100011111000111111111111111111111111111111110001111111100011111000111111111111000111111111111111111111111111111111111111111100
11110000111000011111111111111111111111111111100011111111100011111000111111111111100011111111111111111111111111111111111111110000
11111000111000011111111111111111111111111111000111111111100011111000111111111111110001111111111111111111111111111111111111000000
11111100011100001111111111111111111111111111000111111111100011111000111111111111110000111111111111111111111111111111111100000011
11111100011110001111111111111111111111111111001111111111110011111000111111111111111000111111111111111111111111111111111000001111
11111111111110001111111111111111111111111110001111111111111111111000111111111111111100011111111111111111111111111111110000111111
11111111111110001111111111111111111111111110001111111111111111111000111111111111111100011111111111111111111111111100000001111111
11111111111110000111111111111111111111111110011111111111111111111101111111111111111110001111111111111111111100000000000011111111
11111111111110000000011111111111111111111100011111111111111111000001111111111111111110001111111111111111100000000000000111111111
11111111111110000000000011111111111111111100011111111111110000000000111111111111111111001111111111111110000000001100011111111111
11111111111110001110000000011000111111111100011111111111110000000000011111111111111111000111111111111100000111111110011111111111
11111111111110001111111000000000000011111100111111111111110000001100011111111111111111000111111111110000011111111111111111111111
00111111111110001111111000000000000000011100111111111111110000000000011111111111111111000100000111100001111111111111111111111100
00000111111110001111111010000000000000001100111111111111111000000000111111111111111111100000000001000011111111111111111111111100
00000111111110011111111111110001111100000100011111111111111110000001111111111111111111100000110000000111111111111111111111111100
00100111111111100111111111110001111111100000011111111111111111111111111111111111111110000011111000001111111111111111111111111100
00011111111111000111111111111001111111110000011111111111111111111111111111111111111110000011111100011111111111111111100111111000
00011111111111100011111111111001111111111000111111111111111111111111111111111111111111110011111000011111111111111111100111111000
10011111111111100011111111111111111111111000111111111111111111111111111111111111111001111001111000111111111111111111100111111000
10011111111111100001111111111111111111111101001111111111111111111111111111110011111000111011111000111111111111111111001111110000
10011111111111110000111111111111111111111110001111111111111111111111111110000001110000111111111101111111111111111110001111111000
10011100011111111000011111111111111111111111001111111111111111111111111000000011110001111111111111111111111111100000001111111000
10001100011111111110000000011111111111111111000110000011111111111111110000011111100011111111111111111111111110000000011001111000
10001000011111111111000000011111111111111111100011100000011111111111100001111111100011111111111111111111110000000001111000110000
11000000011111111111100001111111111111111111100011110000000111111111000111111111000111111111111111111111110000001111111000000001
11000000001111111111111111111111000111111111110011111110001111111110000111111111000111111111111111111111110011111111111000000011
11000000001111111111111111111111000011111111110011111111111111111110001111111111001111111111111111111111111111111111110000001111
11100010000111111111111111111111100001111111110001111111111100011111001111111111111111111111111001111111111111111111100011111111
11111110000111111111111111111111110000111111110000111111111111001111111111111111111111111111110001111111111111111111000011111111
11111111000011111111111111111110001000011111111101111111111111111111111111111111111111111111000001111111111111111110000111111111
11111111100000111111111111111000001000011111111111111111111111111111111111111111111111111111000011111111111111111000001111111111
11111111110000000011111100000000000000001111111111111111111111111111111111111111111111111110000011111111111111100000011111111111
11111111111100000000000000000000000000001111111111111111111111100111111111111111111111111110000011111110000000000011111111111111
11111111111111100000000000000100000100001111111111111111111111100111011111111111111111111100000000000000000000000111111111111111
11111111111111111100000011111111100110001111111111111111111111100110001111111111111111111000000000000000000000011111111111111111
11111111111111111111111111111111100011001111111111111111111111100010001111111111111111111000000000000001100011111111111111111111
11111111111111111111111111111111100010001111111111111111111111100011001111111111111111110000000100000111111111111111111111111111
11111111111111111111111111111111110010001111111111111111111111100011001111111111111111100001000000011111111111111111111111111111
11111111111111111111111111111111110000001111111111111111111111100011111111111111111111100000100010001111111111111111111111111111
11111111111111111111111111111111110000000111111111111111111111100011111111111111111111100000010000011111111111111111111111111111
11111111111111111111111111111111111000000111111111111111111111100011111111111111111111000000010001100011111111111111111111111111
11111111111111111111111111111111111100000111111111111111111111100111111111111111111111000000010001100001111111111111111111111111
11111111111111111111111111111111111110000111111111111111111111100111111111111111111110000000000011100001111111111111111111111111
11111111111111111111111111111111111111000011111111111111111111000111001111111111111110001000000011110001111111111111111111111111
11111111111111111111111111111111111111000001111111111111111111000111001111111111111110001000000111110000111100111111111111111111
11111111111111111111111111111111111111100000001111111111111111000111001111111111111100001100000011111000111100011111111111111111
11111111111111111111111111111111111111100000001111111111111110000111000000000000001000001100000001100000011110001111111111111111
11111111111111111111111111111111111111100000000000000001111000001111100000000000000000011100000001100000001111000011111111111111
11111111111111111111111111111111111111110000000000000000000000011111110000000000000000111110000000100000000111100001111111111111
11111111111111111111111111111111111111111000000000000000000001111111111111111111000000111111000000010000000111100000000011000001
11111111111111111111111111111111111111111100001111111111111111111111111111111111111000011111000000011000000110000000000000000000
11111111111111111111111111111111111111111110001111111111111111111100111111111111111000111111100000001110001110000000000000000000
11111110000011111111111111111111111111111111000111111111111111111100011111111111111000111111110001000110001100000001100000000000
11111100000011111111111111111111111111111111000111111111111111111100011111111111111000111111100001000010001100000000011000000100
11111100000011111111111111111111111111111111100011110011111111111100011111111111110000111111100001100001000111100000000010000000
11111100000011111111111111111111111111111111100011110001111111111100011111111111100000111111100011110001100011110000000001100000
11111100000011111111111111111111111111111111110001110000111111111100011111111111100001111111100011111000100001110000110000011100
11111100000011111111111111111111111111111111110001111001111111111100011111111110000001111111100011111100010001111000011100001111
11111100000011111111111111111111111111111111111000110001111111111100011111111100000001111111100000111110001000111100011110001111
11111110000111111111111111111111111111111111111000110001111111111100011111111100000001111111100000011110001100011110001111111111
11111111001111111111111111111111111111111111111100111000111111111100011111100000110011111111100000011111000100011111000111111111
11111111001111111111111111111111111111111111111100011000100000011110111110000001110011111111100010001111000110000111100011111111
11111111001111111111111111111111111111111111111100011111100000011111111110001111100011111111100011000111100111000011110011101111
11111111001111111111111111111111111111111111111100011111111111111111111111111111100011111111000011000011100011100001111111000111
00000000000000001111111111111111111111111111111100011111111111111111111111111111100011111111100011100001100011110000001111000111
00000000000000001111111111111111111111111111111100011111111111111111111111111111100011111111100011110001110001111100000000000111
11111111001111111111111111111111111111111111111100011100111111111111011111111110100111111111110011110000110001111110000000000000
11111111001111111111111111111111111111111111111110001000111111111110001111111100000111111111110000110000011001111111111110000000
11111111001111111111111111111111111111111111111110001100011111111110001111111100000111111111110000100010001000111111111111111000
11111111000111111111111111111111111111111111111110001100001111111111001111111000000111111111110000100010000000111111111111111100
11111110000011111111111111111111111111111111111110001110000111111111001111110001000111111111111001100011000000011111110011111100
11111110000011111111111111111111111111111111111111001111000000000111101111100011000111111111111111100011100000011111110001111111
11111110010001111111111111111111111111111111111111001111100000000011111111000111000111111111111111100011110000001111110001111111
11111100010001111111111111111111111111111111111111001111110111000011000111101111001111111111111111100011111000001111110001111111
11111100011000111111111111111111111111111111111111001111111111111111000111111111001111111111111111100011111111000111111001111111
11111100011000111111111111111111111111111111111111001111111111111111000111111111000011111111111111100011111111000100111000111111
11111100011100011111111111111111111111111111111110001111111111111111000111111111000000111111111111100011111111100000111000111001
11111100011100011111111111111111111111111111111100001111111111111111000111111111100000011111111111100011111111100000111100111000
11111100011110001111111111111111111111111111111100011111111111111111100111111100011000001111111111100001111111110000111100011000
11111100011110001111111111111111111111111111111100111111000111111111111111111000011110000111111111100000111111100000111100011100
11111100011111000111111111111111111111111111111000111111000011111111111111110000011111000111111111110001111111001100011110001110
00000000000111000111111111111111111111111111111000111111100000111111111111000000111111100011111111100001111110001110011110001111
00000000000111100011111111111111111111111111111000111111110000001000001110000011111111110001111111100011111100011110001111000111
00000000000000000000000000000000000000000000000000001111111100000000001110001111111111110000011111100111111100011110001111000111
00000000000000000000000000000000000000000000000000000000000000010000011111111111111111111000011111100111111100111111000111100011
11111111111111111111100000000000000000000000000000000000000000001111111111111111111111111000001111100111111000111111000111100011
11111111111111111111111111111111111111111111110000001111111111111111111111111111111111111000001111100111111000111111100011110001
11111111111111111111111111111111111111111111100000011111111111111111111111111111111111111101000111100111111000111111110011110001
11111111111111111111111111111111111111100000000001111111111111111111111111111111111111111111000111100111111001111111110001111000
