max = 16384
00000100011111111111111111111111111111111111111111111111111111111111111111111111111111111111111111111111111111111111111111111111
00000100011111111111111111111111111111111111111111111111111111111111111111111111111111111111111111111111111111111111111111111111
00000000011111111111111111111111111111111111111111111111111111111111111111111111111111111111111111111111111111111111111111111111
00000000011111111111111111111111111111111111111111111111111111111111111111111111111111111111111111111111111111111111111111111111
00000000011111111111111111111111111111111111111111111111111111111111111111111111111111111111111111111111111111111111111111111111
00000000011111111111111111111111111111111111111111111111111111111111111111111111111111111111111111111111111111111111111111111111
00000000011111111111111111111111111111111111111111111111111111111111111111111111111111111111111111111111111111111111111111111111
00000000011111111111111111111111111111111111111111111111111111111111111111111111111111111111111111111111111111111111111111111111
00000000011111111111111111111111111111111111111111111111111111111111111111111111111111111111111111111111111111111111111111111111
00000000011111111111111111111111111111111111111111111111111111111111111111111111111111111111111111111111111111111111111111111111
00000000011111111111111111111111111111111111111111111111111111111111111111111111111111111111111111111111111111111111111111111111
00000000011111111111111111111111111111111111111111111111111111111111111111111111111111111111111111111111111111111111111111111111
00000000011111111111111111111111111111111111111111111111111111111111111111111111111111111111111111111111111111111111111111111111
00000000011111111111111111111111111111111111111111111111111111111111111111111111111111111111111111111111111111111111111111111111
00000000011111111111111111111111111111111111111111111111111111111111111111111111111111111111111111111111111111111111111111111111
00000000011111111111111111111111111111111111111111111111111111111111111111111111111111111111111111111111111111111111111111111111
00000000011111111111111111111111111111111111111111111111111111111111111111111111111111111111111111111111111111111111111111111111
00000000011111111111111111111111111111111111111111111111111111111111111111111111111111111111111111111111111111111111111111111111
00000000011111111111111111111111111111111111111111111111111111111111111111111111111111111111111111111111111111111111111111111111
00000000011111111111111111111111111111111111111111111111111111111111111111111111111111111111111111111111111111111111111111111111
00000000011111111111111111111111111111111111111111111111111111111111111111111111111111111111111111111111111111111111111111111111
00000000011111111111111111111111111111111111111111111111111111111111111111111111111111111111111111111111111111111111111111111111
00000000011111111111111111111111111111111111111111111111111111111111111111111111111111111111111111111111111111111111111111111111
00000000011111111111111111111111111111111111111111111111111111111111111111111111111111111111111111111111111111111111111111111111
00000000011111111111111111111111111111111111111111111111111111111111111111111111111111111111111111111111111111111111111111111111
00000000011111111111111111111111111111111111111111111111111111111111111111111111111111111111111111111111111111111111111111111111
00000000011111111111111111111111111111111111111111111111111111111111111111111111111111111111111111111111111111111111111111111111
00000000011111111111111111111111111111111111111111111111111111111111111111111111111111111111111111111111111111111111111111111111
00000000011111111111111111111111111111111111111111111111111111111111111111111111111111111111111111111111111111111111111111111111
00000000011111111111111111111111111111111111111111111111111111111111111111111111111111111111111111111111111111111111111111111111
00000000011111111111111111111111111111111111111111111111111111111111111111111111111111111111111111111111111111111111111111111111
00000000011111111111111111111111111111111111111111111111111111111111111111111111111111111111111111111111111111111111111111111111
00000000011111111111111111111111111111111111111111111111111111111111111111111111111111111111111111111111111111111111111111111111
00000000011111111111111111111111111111111111111111111111111111111111111111111111111111111111111111111111111111111111111111111111
00000000011111111111111111111111111111111111111111111111111111111111111111111111111111111111111111111111111111111111111111111111
00000000011111111111111111111111111111111111111111111111111111111111111111111111111111111111111111111111111111111111111111111111
00000000001111111111111111111111111111111111111111111111111111111111111111111111111111111111111111111111111111111111111111111111
00000000001111111111111111111111111111111111111111111111111111111111111111111111111111111111111111111111111111111111111111111111
00000000001111111111111111111111111111111111111111111111111111111111111111111111111111111111111111111111111111111111111111111111
00000000001111111111111111111111111111111111111111111111111111111111111111111111111111111111111111111111111111111111111111111111
00000000001111111111111111111111111111111111111111111111111111111111111111111111111111111111111111111111111111111111111111111111
00000000001111111111111111111111111111111111111111111111111111111111111111111111111111111111111111111111111111111111111111111111
00000000001111111111111111111111111111111111111111111111111111111111111111111111111111111111111111111111111111111111111111111111
00000000001111111111111111111111111111111111111111111111111111111111111111111111111111111111111111111111111111111111111111111111
00000000001111111111111111111111111111111111111111111111111111111111111111111111111111111111111111111111111111111111111111111111
00000000001111111111111111111111111111111111111111111111111111111111111111111111111111111111111111111111111111111111111111111111
00000000001111111111111111111111111111111111111111111111111111111111111111111111111111111111111111111111111111111111111111111111
00000000001111111111111111111111111111111111111111111111111111111111111111111111111111111111111111111111111111111111111111111111
00000000001111111111111111111111111111111111111111111111111111111111111111111111111111111111111111111111111111111111111111111111
00000000001111111111111111111111111111111111111111111111111111111111111111111111111111111111111111111111111111111111111111111111
00000000001111111111111111111111111111111111111111111111111111111111111111111111111111111111111111111111111111111111111111111111
00000000001111111111111111111111111111111111111111111111111111111111111111111111111111111111111111111111111111111111111111111111
00000000001111111111111111111111111111111111111111111111111111111111111111111111111111111111111111111111111111111111111111111111
00000000001111111111111111111111111111111111111111111111111111111111111111111111111111111111111111111111111111111111111111111111
00000000001111111111111111111111111111111111111111111111111111111111111111111111111111111111111111111111111111111111111111111111
00000000001111111111111111111111111111111111111111111111111111111111111111111111111111111111111111111111111111111111111111111111
00000000000111111111111111111111111111111111111111111111111111111111111111111111111111111111111111111111111111111111111111111111
00000000000111111111111111111111111111111111111111111111111111111111111111111111111111111111111111111111111111111111111111111111
00000000000111111111111111111111111111111111111111111111111111111111111111111111111111111111111111111111111111111111111111111111
00000000000111111111111111111111111111111111111111111111111111111111111111111111111111111111111111111111111111111111111111111111
00000000000111111111111111111111111111111111111111111111111111111111111111111111111111111111111111111111111111111111111111111111
00000000000111111111111111111111111111111111111111111111111111111111111111111111111111111111111111111111111111111111111111111111
00000000100111111111111111111111111111111111111111111111111111111111111111111111111111111111111111111111111111111111111111111111
00000000100111111111111111111111111111111111111111111111111111111111111111111111111111111111111111111111111111111111111111111111
00000000100111111111111111111111111111111111111111111111111111111111111111111111111111111111111111111111111111111111111111111111
00000000100111111111111111111111111111111111111111111111111111111111111111111111111111111111111111111111111111111111111111111111
00000000100111111111111111111111111111111111111111111111111111111111111111111111111111111111111111111111111111111111111111111111
00000000000111111111111111111111111111111000000000000011111111111111111111111111111111111111111111111111111111111111111111111111
00000000000111111111111111111111111110000000000000000000000111111111111111111111111111111111111111111111111111111111111111111111
00000000000111111111111111111111110000000011111111111000000000111111111111111111111111111111111111111111111111111111111111111111
00000000000111111111111111111110000000111111111111111111110000011111111111111111111111111111111111111111111111111111111111111111
00000000000111111111111111110000001111111111111111111111111110001111111111111111111111111111111111111111111111111111111111111111
00000000000111111111111110000001100111111111111111111111111111000111111111111111111111111111111111111111111111111111111111111111
00000000000111111111111000000100000011111111111111111111111111100111111111111111111111111111111111111111111111111111111111111111
00000100000111111111100000110000000011111111111111111111111111100011111111111111111111111111111111111111111111111111111111111111
00000100000111111111000011000001110011111111111111111111111111110011111111111111111111111111111111111111111111111111111111111111
00000100000111111100001100001111100011111111111111111111111111110001111111111111111111111111111111111111111111111111111111111111
00000100000011111000010000111111000111111111111111111111111111111001111111111111111111111111111111111111111111111111111111111111
00000100000011110001100001111100001111111111111111111111111111111001111111111111111111111111111111111111111111111111111111111111
00000100010011100011000110000000011111111111111111111111111111110001111111111111111111111111111111111111111111111111111111111111
00000100010011000000000000000011111111111111111111111111111111110011111111111111111111111111111111111111111111111111111111111111
00000000000000000000000000011111111111111111111111111111111111110011111001111111111111111111111111111111111111111111111111111111
00000000000000000000111111111111111111111111111111111111111001100011111001111111111111111111111111111111111111111111111111111111
00000100010000100011111111111111111111111111111111111110000001000111111111111111111111111111111111111111111111111111111111111111
00000000010001000111111111111111111111111111111111111000000110001111111111111111111111111111111111111111111111111111111111111111
00000000010011001111111111111111111111111111111111000000111000011111111111111111111111111111111111111111111111111111111111111111
00000000000010001111111111111111111111111111111000000111100001111111111111111111111111111111111111111111111111111111111111111111
00000000000000011111111111111111111111111111000000011110000011111111111111111111111111111111111111111111111111111111111111111111
00000001000000111111111111111111111111111000000011111000001111111111111111111111111111111111111111111111111111111111111111111111
00000001000000001111111111111111111111000000011111100000111111111111111111111111111111111111111111111111111111111111111111111111
00000000000010000011111111111111111000000011111100000011111111111111111111111111111111111111111111111111111111111111111111111111
00000000000011100000011111111111000000011111100000001111111111111111111111111111111111111111111111111111111111111111111111111111
00000000000011111100000011111000000011100000000001111111111111111111111111111111111111111111111111111111111111111111111111111111
00000000000001111111000000000000000000000000001111111111111111111111111111111111111111111111111111111111111111111111111111111111
00000000000001111111111000000000000000001111111111111111111111111111111111111111111111111111111111111111111111111111111111111111
00000000001001111111100000111111111111111111111111111111111111111111111111111111111111111111111111111111111111111111111111111111
00000001001001111110000011111111111111111111111111111111111111111111111111111111111111111111111111111111111111111111111111111111
00000001001001110000011111111111111111111111111111111111111111111111111111111111111111111111111111111111111111111111111111111111
00000001001000000001111111111111111111111111111111111111111111111111111111111111111111111111111111111111111111111111111111111111
00000001000000001111111111111111111111111111111111111111111111111111111111111111111111111111111111111111111111111111111111111111
00000000000001111111111111111111111111111111111111111111111111111111111111111111111111111111111111111111111111111111111111111111
00000000001001111111111111111111111111111111111111111111111111111111111111111111111111111111111111111111111111111111111111111111
00000001000001111111111111111111111111111111111111111111111111111111111111111111111111111111111111111111111111111111111111111111
00000001000001111111111111111111111111111111111111111111111111111111111111111111111111111111111111111111111111111111111111111111
00000001000001111111111111111111111111111111111111111111111111111111111111111111111111111111111111111111111111111111111111111111
00000011100001111111111111111111111111111111111111111111111111111111111111111111111111111111111111111111111111111111111111111111
00000011100001111111111111111111111111111111111111111111111111111111111111111111111111111111111111111111111111111111111111111111
00000011100001111111111111111111111111111111111111111111111111111111111111111111111111111111111111111111111111111111111111111111
00000011100001111111111111111111111111111111111111111111111111111111111111111111111111111111111111111111111111111111111111111111
00000011100001111111111111111111111111111111111111111111111111111111111111111111111111111111111111111111111111111111111111111111
00000011100001111111111111111111111111111111111111111111111111111111111111111111111111111111111111111111111111111111111111111111
00000011100001111111111111111111111111111111111111111111111111111111111111111111111111111111111111111111111111111111111111111111
00000011100001111111111111111111111111111111111111111111111111111111111111111111111111111111111111111111111111111111111111111111
00000011100001111111111111111111111111111111111111111111111111111111111111111111111111111111111111111111111111111111111111111111
00000011100001111111111111111111111111111111111111111111111111111111111111111111111111111111111111111111111111111111111111111111
00000011110001111111111111111111111111111111111111111111111111111111111111111111111111111111111111111111111111111111111111111111
00000011110001111111111111111111111111111111111111111111111111111111111111111111111111111111111111111111111111111111111111111111
00000011110001111111111111111111111111111111111111111111111111111111111111111111111111111111111111111111111111111111111111111111
00000011110001111111111111111111111111111111111111111111111111111111111111111111111111111111111111111111111111111111111111111111
00000011110001111111111111111111111111111111111111111111111111111111111111111111111111111111111111111111111111111111111111111111
00000011110001111111111111111111111111111111111111111111111111111111111111111111111111111111111111111111111111111111111111111111
00000011110001111111111111111111111111111111111111111111111111111111111111111111111111111111111111111111111111111111111111111111
00000011110001111111111111111111111111111111111111111111111111111111111111111111111111111111111111111111111111111111111111111111
00000011110001111111111111111111111111111111111111111111111111111111111111111111111111111111111111111111111111111111111111111111
00000011110001111111111111111111111111111111111111111111111111111111111111111111111111111111111111111111111111111111111111111111
00000011110001111111111111111111111111111111111111111111111111111111111111111111111111111111111111111111111111111111111111111111
00000011110001111111111111111111111111111111111111111111111111111111111111111111111111111111111111111111111111111111111111111111
0000011111000111111111111111111111111111111111111111111111111111111111111111111111111111111111111111111111111111111111111111ллллd